55555.00
55555.00
55555.00
55555.00
55555.00
55555.00
55555.00
55555.00
55555.00
55555.00
55555.00
55555.00
55555.00
12.10
55555.00
55555.00
55555.00
55555.00
55555.00
55555.00
23.80
23.80
18.80
19.40
18.80
23.80
23.80
23.80
24.50
10.60
10.80
19.60
8.60
3.90
10.00
3.90
10.00
3.90
10.00
3.90
10.00
3.90
10.00
3.90
10.00
3.90
10.00
3.90
10.00
3.90
10.00
3.90
10.00
3.90
10.00
3.90
10.00
7.20
19.20
10.40
8.60
3.60
8.60
3.60
8.60
3.60
8.60
3.60
8.60
3.60
8.60
3.60
8.60
3.60
8.60
3.60
8.60
55555.00
55555.00
55555.00
55555.00
55555.00
22.70
17.90
22.70
22.70
22.70
22.70
22.70
8.60
3.60
8.60
3.60
8.60
3.60
8.60
14.80
